uint32 cs[64] = {
        2,
        3,
        5,
        7,
        11,
        13,
        17,
        19,
        23,
        29,
        31,
        37,
        41,
        43,
        47,
        53,
        59,
        61,
        67,
        71,
        73,
        79,
        83,
        89,
        97,
        101,
        103,
        107,
        109,
        113,
        127,
        131,
        137,
        139,
        149,
        151,
        157,
        163,
        167,
        173,
        179,
        181,
        191,
        193,
        197,
        199,
        211,
        223,
        227,
        229,
        233,
        239,
        241,
        251,
        257,
        263,
        269,
        271,
        277,
        281,
        283,
        293,
        307,
        311
      };

      uint32 k[64] = {
        0.259921049894873,
        0.442249570307408,
        0.709975946676697,
        0.912931182772389,
        0.223980090569316,
        0.351334687720758,
        0.571281590658236,
        0.668401648721945,
        0.843866979851566,
        0.0723168256858475,
        0.141380652391393,
        0.332221851645953,
        0.44821724038273,
        0.503398060386724,
        0.608826080138695,
        0.756285754221072,
        0.892996415873261,
        0.936497183102174,
        0.0615481004456795,
        0.140817749422854,
        0.179339196381232,
        0.290840427026207,
        0.362070671454838,
        0.464745095584537,
        0.59470089220704,
        0.657009507803836,
        0.687548147653598,
        0.7474593985234,
        0.776856181035017,
        0.83458812711164,
        0.0265256953134791,
        0.078753078132701,
        0.155136735475772,
        0.180101467380292,
        0.301459192380904,
        0.325074021614987,
        0.394690712109592,
        0.462555571281398,
        0.506878446387354,
        0.572054655542622,
        0.635740794544237,
        0.656652825822911,
        0.758965220492402,
        0.778996565152131,
        0.818647867496962,
        0.838272460814004,
        0.953341813139051,
        0.0641269945069629,
        0.100170200393062,
        0.11803317263662,
        0.153449493663683,
        0.205821794895753,
        0.223084253206059,
        0.307993548663268,
        0.357861179734201,
        0.406958577185558,
        0.455314810938886,
        0.471273626960365,
        0.518683915173769,
        0.549911620119375,
        0.565414427346138,
        0.641852195344209,
        0.745996711705425,
        0.775168952273313
      };